846.452 -83.7779 0 0 0 1
832.697 4.15462 0 0 0
819.022 91.5769 0 0 0
805.426 178.493 0 0 0 4
805.426 178.493 0 0 0 5
794.274 199.372 0 0 0
770.707 212.364 0 0 0
741.026 214.01 0 0 0 8
741.026 214.01 0 0 0 9
646.961 200.133 0 0 0
552.743 186.233 0 0 0
458.373 172.311 0 0 0 12
458.373 172.311 0 0 0 13
430.305 162.128 0 0 0
411.437 142.819 0 0 0
406.84 119.537 0 0 0 16
406.84 119.537 0 0 0 17
419.322 32.1509 0 0 0
431.877 -55.7455 0 0 0
444.505 -144.157 0 0 0 20
444.505 -144.157 0 0 0 21
455.564 -165.538 0 0 0
479.346 -178.848 0 0 0
509.464 -180.498 0 0 0 24
509.464 -180.498 0 0 0 25
604.902 -166.124 0 0 0
700.184 -151.774 0 0 0
795.312 -137.447 0 0 0 28
795.312 -137.447 0 0 0 29
823.464 -127.039 0 0 0
842.178 -107.386 0 0 0
846.452 -83.7779 0 0 0 32
